$ANSIBLE_VAULT;1.1;AES256
34656666353836313161353765326135623531643462623534633036316666616366306133333736
3537643738393065323666313339316561326334373763620a643138393231343736616161366536
36326237643636333866383634333630656366653862336333353362393934656465626435636264
3538303838616363350a353433666530353666316462666163326366613838663938306335373131
62656664656335666564636337653862623831366230643136633961316636313835656161646463
65343736343831613663653438323965323166666463373362613262343839363834666464636432
65336262343235366539303737323661386139373139613738666566653238393266303139633066
61313237616439636265373234366236623539313636623062313938366162346333656538653135
34636462623933386164356566633162336632396335633535333938356631303862386361316539
65393463383032653131336665653236333732376366383535346665363132623764396130376435
63373032323436363563306166653631313735396363366461373533393035373739633762616435
35643266343238323964316239313065643132323034646462393361616361366436353966353939
62623136366532613535303833376433333737393862663464363263306632636637656631616666
32633965653666383438366233633530356165636233356661323131656139306566616264313635
62323033326463666230646432333963663536383763383031383538316266643666336639643565
31303038383563353763
