$ANSIBLE_VAULT;1.1;AES256
61326330636539306366666462386162336430316536386336663035623032356533623633646433
3930343835333839613964353738393231653864626331300a643433653263383761666565386263
61396136626632653064386438316564363764303237343966316463393538633762343837633666
6164386564386163630a656132393031323132363661623361366166626163313661363738306632
63383133373634356461363632323163633133343837623438313363306662626336303464343965
35643666386536636631336135396461396536623938323637333637663661386565666638636261
37353139363866356266333864353638323736313835393432306536323635383239613931303037
39653161336130383366373030326339396631376162653166313432316165306163363631363565
33313430626339323961303531666364646132336234323661383066633231653935653465383761
31653635626535343735383965366633336234303561323331666433643761333662323135666335
36316463353365323339643636623763633133323432356639663464623131343361313634346363
66643230663131386561323637663335613965343532316138643437373333366365343265363361
35613134616135646365326261383062353135393666356464303434303638393766613638366163
64613333643763366231303563316464343761663266306166356433376235616138363534353535
65346562396231663930343033323038633866613432646236656664643062666264336666373434
66316264666632313536636239616439633663383336306339363437633563633061353362616230
37626230386132623764643636666261666633653364353434363939353138306365383237353732
35336137613661336634363863393637623565363533353165353361366462623437383066326137
61616162353862613431346361623734326534633634663535653639336533373564383038646365
35333465663261373638383032326461303534343733663266666565653037626665393063616432
38333534363966643563633136616338303563663439323530613132373534306638356631643738
34333138383363336665376364653234343965393636343133636134623030666430363036646239
30343731336466356561653137336533363934323633616166333437316433363163633536393932
37633462376664303739316330363434393965316261653932633436316437386530353037323934
38643238336238363338643065386266376235333739373064396332666535626536
